12303
-9129
-90953
-38433
1844
-46339
-8429
98407
-14237
2034
4173
-3357
-47340
662
483
14642
37424
20611
9372
-15385
-140227
-2994
36648
18936
34842
92120
-45295
31911
-7496
-18087
-13662
-7471
-13712
-41714
15735
-9419
29426
21613
-11415
-32303
32541
1720
-7297
4980
-994
-214
-33829
8808
85101
-22046
-23326
-12995
-20682
-25917
-26287
-63787
-15727
-10086
-36022
-7071
791
18319
-23253
-61758
-68977
14261
-4488
8523
-19713
-12708
-4822
33444
28250
44567
45587
24709
-10860
-2895
-71149
21710
-2568
9890
-16511
7578
37746
39104
40642
4059
2739
19653
63828
-1852
69872
-96419
39778
6108
-9326
-24102
-56031
18948
19999
91314
20733
16738
18849
30281
-113625
12932
50240
-28012
2440
-19588
4822
-10091
-4369
-10820
-33133
-2162
27696
28855
-3419
-1949
25893
-37
5515
45905
-49242
57339
0
0
0
0
0
0
0
0
0
0
0
0