525
268
-89
602
-190
71
165
-163
76
4
-21
-126
-19
-121
260
19
148
340
46
112
-1043
34
110
-27
227
-16
-82
29
-1125
37
137
-58
130
90
-94
171
-281
37
60
-21
562
69
-456
19
-73
69
-90
274
76
193
177
16
90
250
72
-22
-280
-288
-66
-1
-564
30
-100
-70
-63
62
92
120
167
-243
65
285
-137
-11
-42
30
64
265
-78
130
19
-57
-139
78
88
46
5
56
-19
289
278
84
-139
-18
-84
63
-117
-82
177
-190
-49
91
0
-40
143
35
-21
93
-7
28
69
-67
301
31
-101
202
87
150
-27
-15
-31
78
85
-163
194
14
588
4
0
0
0
0
0
0
0
0
0
0
0
0