264
-47
-990
110
-32
389
-170
-3807
25
-2629
-2226
141
65
-12
242
193
-54
-641
35
-3844
-343
122
-109
61
157
-294
165
293
68
255
-118
-146
-2241
-321
29
-163
239
-23
-14
126
1615
808
180
389
29
-122
-38
-11
-19
-211
-249
124
330
-652
78
-509
-112
-670
75
520
-1161
-428
-92
-2
-335
623
317
-343
218
234
318
331
-76
52
46
200
486
-420
-346
34
551
110
74
334
-218
40
307
194
70
274
-505
22
-91
-199
-1811
92
442
-3504
433
-218
-80
399
-287
24
-389
-17
435
232
40
155
267
-327
-223
-995
-444
1489
-305
427
-117
102
-81
-2231
196
-3040
9
114
-365
-156
0
0
0
0
0
0
0
0
0
0
0
0