-2686
-1187
-684
26
-18
313
-443
-83
0
85
-255
-408
-337
-42
-595
-495
-606
-264
-411
-603
-699
-682
-587
-648
-906
-879
-1330
-715
-703
-801
-722
-550
-693
-769
-863
-633
-657
-794
-985
-701
-1023
-768
-866
-1041
-1152
-752
-686
-877
-1057
-1022
-845
-688
-726
-766
-790
-995
-897
-1029
-1044
-1099
-1213
-955
-1076
-1199
-1039
-1022
-1180
-1516
-1395
-1235
-1278
-1116
-1162
-1178
-1118
-1254
-1161
-1175
-1185
-1252
-1199
-1296
-1439
-1707
-1674
-1986
-1734
-1671
-1572
-1759
-1276
-1566
-1600
-1752
-1478
-1397
-1735
-1785
-1777
-1616
-1521
-1613
-1907
-1780
-1959
-1968
-1801
-2186
-2474
-2238
-1801
-2037
-2159
-2332
-1947
-1949
-1954
-1997
-2398
-2249
-2147
-1855
-2059
-1651
-1479
-1669
-2589
-4426
-2524
-1077
-655
9
-100
268
-424
-205
-117
10
-317
-474
-381
-86
-673
-592
-728
-392
-447
-536
-682
-711
-636
-698
-930
-897
-1312
-681
-738
-831
-680
-568
-632
-766
-955
-741
-728
-790
-979
-646
-955
-763
-884
-1010
-1044
-692
-716
-925
-1036
-1036
-953
-820
-816
-838
-779
-926
-940
-1063
-1071
-1199
-1323
-1029
-1147
-1215
-1057
-1032
-1216
-1577
-1384
-1298
-1391
-1147
-1221
-1225
-1174
-1210
-1126
-1239
-1272
-1270
-1177
-1211
-1344
-1636
-1575
-1916
-1647
-1484
-1492
-1702
-1258
-1466
-1539
-1662
-1397
-1332
-1635
-1664
-1637
-1507
-1475
-1499
-1815
-1725
-1876
-1883
-1570
-1889
-2187
-1982
-1468
-1710
-1927
-2062
-1699
-1754
-1785
-1881
-2282
-2184
-2004
-1718
-1940
-1521
-1369
-1504
-2460
-4220
-2420
-1006
-617
42
-142
314
-347
-306
-215
4
-266
-482
-450
-148
-764
-623
-808
-431
-377
-407
-667
-702
-630
-579
-885
-930
-1231
-581
-710
-774
-639
-553
-643
-743
-969
-677
-649
-731
-952
-567
-930
-773
-841
-944
-1012
-710
-725
-966
-997
-985
-992
-860
-815
-807
-765
-924
-953
-1049
-1081
-1181
-1358
-1055
-1141
-1237
-1039
-1038
-1257
-1510
-1390
-1302
-1380
-1128
-1214
-1189
-1169
-1187
-1138
-1138
-1176
-1197
-1182
-1165
-1302
-1586
-1582
-1996
-1701
-1462
-1444
-1617
-1273
-1465
-1567
-1763
-1461
-1339
-1702
-1685
-1673
-1593
-1582
-1488
-1893
-1831
-1964
-1959
-1650
-1946
-2282
-2068
-1437
-1706
-1956
-2048
-1674
-1753
-1855
-1982
-2394
-2280
-2043
-1820
-2013
-1585
-1425
-1584
-2535
-4247
-2455
-1019
-591
34
-81
338
-322
-410
-384
-106
-373
-504
-402
-110
-753
-648
-824
-440
-313
-416
-707
-679
-540
-482
-755
-909
-1216
-542
-618
-743
-579
-455
-673
-745
-953
-634
-619
-710
-922
-637
-928
-728
-744
-884
-1004
-695
-716
-943
-998
-1056
-962
-850
-798
-855
-757
-930
-930
-990
-1071
-1241
-1303
-1016
-1097
-1273
-1075
-1086
-1267
-1433
-1384
-1257
-1291
-1103
-1173
-1082
-1073
-1161
-1099
-1080
-1112
-1111
-1294
-1204
-1327
-1591
-1569
-2052
-1721
-1518
-1460
-1538
-1291
-1494
-1558
-1775
-1456
-1344
-1736
-1685
-1697
-1598
-1600
-1453
-1893
-1863
-1992
-1958
-1673
-2032
-2380
-2245
-1510
-1765
-2020
-2119
-1677
-1745
-1845
-1969
-2494
-2296
-2002
-1797
-1992
-1389
-1249
-1513
-2444
-4139
-2584
-1172
-702
45
36
390
-249
-347
-408
-125
-325
-475
-335
-36
-697
-616
-767
-423
-345
-442
-750
-697
-492
-414
-670
-862
-1227
-662
-598
-698
-573
-523
-798
-795
-970
-697
-644
-697
-909
-674
-973
-706
-727
-827
-1029
-668
-704
-959
-992
-1081
-898
-784
-834
-927
-762
-933
-901
-883
-987
-1224
-1361
-1060
-1137
-1250
-1096
-1158
-1184
-1369
-1341
-1285
-1315
-1035
-1108
-1051
-1070
-1171
-1114
-1052
-1101
-1141
-1424
-1317
-1412
-1659
-1592
-2109
-1737
-1454
-1423
-1587
-1385
-1520
-1618
-1782
-1477
-1488
-1836
-1715
-1734
-1628
-1613
-1475
-1893
-1912
-1987
-2022
-1760
-2119
-2574
-2387
-1720
-1962
-2175
-2296
-1813
-1870
-2014
-2107
-2612
-2481
-2107
-1883
-2116
-1423
-1308
-1641
-2618
-4350
0
0
0
0