-122
10381
13187
14358
2225
8536
2072
3757
4428
8268
714
3892
6579
11927
7075
5203
16263
5477
3201
8543
13686
9948
6546
-639
2128
5008
-2073
2236
9114
10742
6664
7622
8477
2337
4073
2529
5319
9023
3426
3715
3752
1666
3946
9948
2448
5407
1298
2130
11032
3775
4399
-2986
3816
8102
5279
6764
2720
6052
8143
8240
5743
10706
11431
7128
4685
-2312
98
9617
1706
5551
4621
195
10556
4203
8268
5028
5837
5562
-2542
6876
3791
13779
4081
3720
10230
3751
8423
4315
1691
8649
1297
10974
2604
10257
11353
2028
5516
4567
9989
5725
11312
9996
5658
3804
3726
6707
9074
5276
13163
5704
3027
7901
-618
1661
2063
4140
5627
3328
3180
-2145
7451
4927
3540
3468
4061
3903
6545
8147
0
0
0
0
0
0
0
0
0
0
0
0