-900
-75
1466
-2044
208
825
865
648
1003
819
808
-379
-952
1212
707
861
925
-786
-1344
698
11
1186
347
984
-452
101
-312
600
177
-1758
-170
1389
-1209
-1975
994
69
2125
1487
865
298
-354
1440
834
762
3807
-332
1275
-2131
-473
2154
326
851
1483
-97
-302
-1116
138
1698
-868
-58
2667
1838
-1080
672
-260
-346
1153
-142
416
2392
-1538
-511
-1413
-348
1749
416
2058
-171
245
-1552
338
1085
58
414
688
-32
-1027
-1186
164
959
355
282
-2303
-581
2323
203
315
-739
1287
1193
-689
603
-231
-1584
2006
-3131
-201
-1271
-1382
-236
-610
858
1757
1123
-954
400
1657
-1112
95
1554
-657
-404
2455
660
1459
931
771
1966
0
0
0
0
0
0
0
0
0
0
0
0