162
1378
-886
315
-628
112
-595
916
513
-1478
1686
2779
5013
602
466
3556
78
-69
147
-558
654
1798
-1037
1732
96
941
2137
-977
-2470
1117
-88
738
549
-2857
-2372
-133
-1056
1464
319
-496
3099
381
3541
274
538
-727
1048
877
1870
2294
-1151
446
1278
-1304
1064
1243
-2294
-2567
1101
1522
59
1473
2692
2598
-479
2584
-479
-1705
1236
-405
-958
-2661
-1823
1576
-916
-2313
984
1285
-1438
-111
3283
1426
6053
-3021
3180
2107
-202
-1268
-1788
389
222
-12
-5142
-359
300
58
-591
290
-72
909
1348
-447
3013
3134
-568
704
617
1719
-264
2013
893
2571
1751
705
-155
538
-1961
2560
3
-373
-773
5592
-356
919
3879
726
-4399
-1456
0
0
0
0
0
0
0
0
0
0
0
0