3964
1804
-8901
-1655
6137
-2630
8567
815
5410
-177
-7027
-3241
-4136
-392
2219
-1906
3430
661
3154
617
-3011
1584
-4651
6292
4702
637
-12498
1353
6197
-205
3615
13284
6589
-3187
1535
5959
7362
-7445
4144
-1884
3507
-3169
2440
728
-491
4017
3876
-633
-4564
3778
-3256
-2752
-1414
453
2392
-8880
-9491
-2742
-930
2009
-4588
-7157
-2062
2503
7156
5105
-1025
-3349
3776
-2651
9499
-7317
-3712
-4706
7017
-4730
6754
-8509
-8895
1163
-3049
678
5725
5214
6102
8807
-653
-3728
-3643
-1869
-956
707
-4361
10412
1237
4266
9191
-840
1
2323
5638
-6828
-5109
-7692
1832
1734
4181
411
1327
-5621
847
7109
-5045
1178
-2315
-639
4302
4757
7634
1158
-366
5297
-869
-1261
-7119
-5484
4262
7990
0
0
0
0
0
0
0
0
0
0
0
0