2355
-8
-25
-149
-916
-2779
515
-40
20
136
-117
-194
392
-130
239
302
286
138
460
231
432
402
-214
-60
790
-920
-3
-286
1158
-604
211
-41
63
-1266
258
429
203
-190
-335
136
-260
100
148
-17
-1636
217
748
-1448
-109
-135
-344
-202
-305
1744
153
-1878
37
824
115
-183
-186
-673
835
-110
550
489
412
-140
243
-296
194
277
-148
-160
1369
277
543
90
-259
-1666
63
-192
429
-286
-3128
-321
-544
142
476
-371
-416
-718
-499
-142
194
-239
500
-420
-767
126
25
-118
32
-123
-230
140
31
-1644
156
-38
1836
119
627
-321
-98
5
1050
464
628
-281
445
302
425
22
301
-34
555
-1818
0
0
0
0
0
0
0
0
0
0
0
0