-40
-210
-183
-160
-155
-150
-176
-171
-200
-196
-179
-170
-166
-185
-178
-164
-194
-198
-195
-185
-177
-184
-222
-216
-209
-216
-213
-226
-210
-196
-209
-205
-190
-199
-226
-222
-217
-224
-231
-238
-10
-213
-216
-247
-243
-233
-247
-249
-253
-237
-236
-252
-243
-226
-242
-250
-256
-243
-237
-247
-1
-255
-256
-252
-8
-2
-2
-18
-256
-246
-10
-13
-4
-250
-246
-254
-4
-9
-1
-13
-22
-24
-33
-29
-18
-16
-16
-33
-34
-21
-14
-11
-22
-34
-22
-17
-22
-27
-36
-42
-29
-22
-29
-34
-32
-52
-30
-33
-32
-44
-40
-43
-31
-41
-45
-42
-51
-46
-49
-40
-41
-42
-41
-38
-48
-63
-72
-116
-33
-226
-197
-164
-151
-149
-167
-156
-174
-193
-163
-160
-164
-177
-187
-188
-186
-171
-174
-191
-217
-202
-203
-197
-216
-205
-220
-197
-187
-194
-227
-221
-217
-206
-205
-219
-243
-220
-225
-227
-225
-200
-214
-251
-237
-244
-239
-11
-255
-238
-249
-246
-236
-235
-240
-245
-246
-247
-6
-6
-249
-253
-9
-250
-252
-7
-255
-245
-2
-4
-6
-6
-248
-238
-255
-247
-255
-14
-251
-256
-16
-18
-51
-28
-20
-12
-7
-11
-26
-18
-11
-20
-16
-33
-13
-16
-26
-21
-17
-36
-31
-29
-30
-31
-35
-37
-49
-43
-40
-27
-37
-34
-41
-43
-35
-46
-54
-50
-54
-50
-41
-48
-37
-36
-38
-47
-70
-114
-30
-241
-201
-163
-157
-168
-176
-158
-157
-179
-186
-169
-181
-198
-184
-187
-191
-191
-202
-196
-200
-207
-175
-175
-212
-214
-232
-212
-214
-210
-209
-221
-213
-212
-203
-207
-223
-202
-195
-204
-226
-202
-217
-254
-233
-234
-1
-249
-1
-250
-240
-237
-242
-7
-238
-214
-238
-253
-18
-24
-39
-14
-6
-18
-7
-7
-20
-10
-252
-3
-23
-22
-17
-2
-252
-3
-256
-20
-10
-254
-4
-9
-22
-20
-31
-38
-30
-31
-29
-41
-29
-7
-19
-43
-24
-24
-30
-32
-31
-43
-33
-22
-23
-37
-33
-53
-44
-30
-28
-39
-41
-32
-40
-47
-39
-40
-52
-52
-56
-47
-49
-58
-42
-40
-50
-49
-70
-116
-56
-246
-206
-186
-174
-174
-174
-150
-162
-188
-169
-164
-185
-203
-218
-203
-205
-199
-206
-199
-187
-201
-194
-184
-222
-256
-237
-217
-224
-218
-216
-204
-203
-218
-223
-217
-231
-199
-194
-202
-217
-212
-226
-232
-243
-1
-245
-247
-2
-255
-238
-237
-253
-5
-15
-252
-241
-237
-2
-20
-9
-255
-249
-244
-256
-11
-5
-9
-12
-249
-6
-16
-11
-3
-255
-8
-16
-14
-5
-252
-11
-26
-23
-16
-27
-18
-32
-34
-19
-26
-29
-11
-16
-43
-18
-24
-34
-24
-21
-31
-31
-36
-25
-39
-40
-43
-48
-38
-27
-35
-28
-37
-35
-36
-35
-48
-46
-50
-39
-36
-40
-46
-44
-40
-42
-52
-80
-115
-37
-222
-202
-196
-176
-158
-187
-203
-211
-189
-191
-182
-183
-176
-177
-187
-199
-202
-199
-195
-185
-187
-207
-203
-220
-222
-222
-224
-241
-243
-222
-225
-219
-208
-197
-209
-229
-198
-203
-226
-228
-204
-209
-236
-241
-252
-254
-3
-247
-242
-8
-2
-246
-250
-6
-248
-242
-7
-11
-5
-252
-246
-251
-9
-8
-4
-7
-21
-21
-3
-9
-15
-20
-9
-11
-6
-14
-254
-4
-9
-15
-27
-26
-34
-43
-32
-27
-43
-37
-26
-21
-9
-20
-38
-25
-20
-23
-22
-29
-28
-26
-26
-26
-33
-38
-38
-30
-28
-47
-31
-39
-41
-42
-37
-31
-29
-32
-34
-56
-42
-37
-46
-39
-38
-42
-51
-66
-115
0
0
0
0
0
0
0
0
0
0
0
0
0
0
0
0
0
0
0
0
0
0
0
0
0
0
0
0
0
0
0
0
0
0
0
0
0
0
0
0
0
0
0
0
0
0
0
0
0
0
0
0
0
0
0
0
0
0
0
0
0
0
0
0
0
0
0
0
0
0
0
0
0
0
0
0
0
0
0
0
0
0
0
0
0
0
0
0
0
0
0
0
0
0
0
0
0
0
0
0
0
0
0
0
0
0
0
0
0
0
0
0
0
0
0
0
0
0
0
0
0
0
0
0
0
0
0
0
0
0
0
0
0
0
0
0
0
0
0
0
0
0
0
0