instruct:[
[9,14,0]
[33,14,0,0]
[9,770,14]
[35,770,0,14]
[153,14,0,784]
[9,14,784]
[33,14,14,0]
[9,770,798]
[35,770,14,14]
[153,14,14,798]
[9,14,1568]
[33,14,28,0]
[9,770,1582]
[35,770,28,14]
[153,14,28,812]
[9,14,2352]
[33,14,42,0]
[9,770,2366]
[35,770,42,14]
[153,14,42,826]
[9,14,3136]
[33,14,56,0]
[9,770,3150]
[35,770,56,14]
[153,14,56,840]
[9,14,3920]
[33,14,70,0]
[9,770,3934]
[35,770,70,14]
[153,14,70,854]
[9,14,4704]
[33,14,84,0]
[9,770,4718]
[35,770,84,14]
[153,14,84,868]
[9,14,5488]
[33,14,98,0]
[9,770,5502]
[35,770,98,14]
[153,14,98,882]
[9,14,6272]
[33,14,112,0]
[9,770,6286]
[35,770,112,14]
[153,14,112,896]
[9,14,7056]
[33,14,126,0]
[9,770,7070]
[35,770,126,14]
[153,14,126,910]
[9,14,7840]
[33,14,140,0]
[9,126,7854]
[35,126,140,14]
[153,14,140,924]
[9,14,7980]
[33,14,154,0]
[9,126,7994]
[35,126,154,14]
[153,14,154,938]
[9,14,8120]
[33,14,168,0]
[9,126,8134]
[35,126,168,14]
[153,14,168,952]
[9,14,8260]
[33,14,182,0]
[9,126,8274]
[35,126,182,14]
[153,14,182,966]
[9,14,8400]
[33,14,196,0]
[9,126,8414]
[35,126,196,14]
[153,14,196,980]
[9,14,8540]
[33,14,210,0]
[9,126,8554]
[35,126,210,14]
[153,14,210,994]
[9,14,8680]
[33,14,224,0]
[9,126,8694]
[35,126,224,14]
[153,14,224,1008]
[9,14,8820]
[33,14,238,0]
[9,126,8834]
[35,126,238,14]
[153,14,238,1022]
[9,14,8960]
[33,14,252,0]
[9,126,8974]
[35,126,252,14]
[153,14,252,1036]
[9,14,9100]
[33,14,266,0]
[9,126,9114]
[35,126,266,14]
[153,14,266,1050]
[9,14,9240]
[33,14,280,0]
[9,126,9254]
[35,126,280,14]
[153,14,280,1064]
[9,14,9380]
[33,14,294,0]
[9,126,9394]
[35,126,294,14]
[153,14,294,1078]
[9,14,9520]
[33,14,308,0]
[9,126,9534]
[35,126,308,14]
[153,14,308,1092]
[9,14,9660]
[33,14,322,0]
[9,126,9674]
[35,126,322,14]
[153,14,322,1106]
[9,14,9800]
[33,14,336,0]
[9,126,9814]
[35,126,336,14]
[153,14,336,1120]
[9,14,9940]
[33,14,350,0]
[9,126,9954]
[35,126,350,14]
[153,14,350,1134]
[9,14,10080]
[33,14,364,0]
[9,126,10094]
[35,126,364,14]
[153,14,364,1148]
[9,14,10220]
[33,14,378,0]
[9,126,10234]
[35,126,378,14]
[153,14,378,1162]
[9,14,10360]
[33,14,392,0]
[9,126,10374]
[35,126,392,14]
[153,14,392,1176]
[9,14,10500]
[33,14,406,0]
[9,126,10514]
[35,126,406,14]
[153,14,406,1190]
[9,14,10640]
[33,14,420,0]
[9,126,10654]
[35,126,420,14]
[153,14,420,1204]
[9,14,10780]
[33,14,434,0]
[9,126,10794]
[35,126,434,14]
[153,14,434,1218]
[9,14,10920]
[33,14,448,0]
[9,126,10934]
[35,126,448,14]
[153,14,448,1232]
[9,14,11060]
[33,14,462,0]
[9,126,11074]
[35,126,462,14]
[153,14,462,1246]
[9,14,11200]
[33,14,476,0]
[9,126,11214]
[35,126,476,14]
[153,14,476,1260]
[9,14,11340]
[33,14,490,0]
[9,126,11354]
[35,126,490,14]
[153,14,490,1274]
[9,14,11480]
[33,14,504,0]
[9,126,11494]
[35,126,504,14]
[153,14,504,1288]
[9,14,11620]
[33,14,518,0]
[9,126,11634]
[35,126,518,14]
[153,14,518,1302]
[9,14,11760]
[33,14,532,0]
[9,126,11774]
[35,126,532,14]
[153,14,532,1316]
[9,14,11900]
[33,14,546,0]
[9,126,11354]
[35,126,546,14]
[153,14,546,1330]
[9,14,12040]
[33,14,560,0]
[9,126,12054]
[35,126,560,14]
[153,14,560,1344]
[9,14,12180]
[33,14,574,0]
[9,0,12194]
[35,0,574,14]
[153,14,574,1358]
[9,14,12194]
[33,14,588,0]
[9,0,12208]
[35,0,588,14]
[153,14,588,1372]
[9,14,12208]
[33,14,602,0]
[9,0,12222]
[35,0,602,14]
[153,14,602,1386]
[9,14,12222]
[33,14,616,0]
[9,0,12236]
[35,0,616,14]
[153,14,616,1400]
[9,14,12236]
[33,14,630,0]
[9,0,12250]
[35,0,630,14]
[153,14,630,1414]
[9,14,12250]
[33,14,644,0]
[9,0,12264]
[35,0,644,14]
[153,14,644,1428]
[9,14,12264]
[33,14,658,0]
[9,0,12278]
[35,0,658,14]
[153,14,658,1442]
[9,14,12278]
[33,14,672,0]
[9,0,12292]
[35,0,672,14]
[153,14,672,1456]
[9,14,12292]
[33,14,686,0]
[9,0,12306]
[35,0,686,14]
[153,14,686,1470]
[9,14,12306]
[33,14,700,0]
[9,0,12320]
[35,0,700,14]
[153,14,700,1484]
[9,14,12320]
[33,14,714,0]
[9,0,12334]
[35,0,714,14]
[153,14,714,1498]
[9,14,12460]
[33,14,728,0]
[9,0,12474]
[35,0,728,14]
[153,14,728,1512]
[9,14,12600]
[33,14,742,0]
[9,0,12614]
[35,0,742,14]
[153,14,742,1526]
[9,14,12740]
[33,14,756,0]
[9,0,12754]
[35,0,756,14]
[153,14,756,1540]
[9,14,12880]
[33,14,770,0]
[9,0,12894]
[35,0,770,14]
[153,14,770,1554]
[9,14,13020]
[33,14,784,0]
[9,0,13034]
[35,0,784,14]
[153,14,784,1568]
[9,14,13160]
[33,14,798,0]
[9,0,13174]
[35,0,798,14]
[153,14,798,1582]
[9,14,13300]
[33,14,812,0]
[9,0,13314]
[35,0,812,14]
[153,14,812,1596]
[9,14,13440]
[33,14,826,0]
[9,0,13454]
[35,0,826,14]
[153,14,826,1610]
[9,14,13580]
[33,14,840,0]
[9,0,13594]
[35,0,840,14]
[153,14,840,1624]
[9,14,13720]
[33,14,854,0]
[9,0,13734]
[35,0,854,14]
[153,14,854,1638]
[9,14,13860]
[33,14,868,0]
[9,0,13874]
[35,0,868,14]
[153,14,868,1652]
[9,14,14000]
[33,14,882,0]
[9,0,14014]
[35,0,882,14]
[153,14,882,1666]
[9,14,14140]
[33,14,896,0]
[9,0,14154]
[35,0,896,14]
[153,14,896,1680]
[9,14,14280]
[33,14,910,0]
[9,0,14294]
[35,0,910,14]
[153,14,910,1694]
[9,14,14420]
[33,14,924,0]
[9,0,14434]
[35,0,924,14]
[153,14,924,1708]
[9,14,14560]
[33,14,938,0]
[9,0,14574]
[35,0,938,14]
[153,14,938,1722]
[9,14,14700]
[33,14,952,0]
[9,0,14714]
[35,0,952,14]
[153,14,952,1736]
[9,14,14840]
[33,14,966,0]
[9,0,14854]
[35,0,966,14]
[153,14,966,1750]
[9,14,14980]
[33,14,980,0]
[9,0,14994]
[35,0,980,14]
[153,14,980,1764]
[9,14,15120]
[33,14,994,0]
[9,0,15134]
[35,0,994,14]
[153,14,994,1778]
[9,14,15260]
[33,14,1008,0]
[9,0,15274]
[35,0,1008,14]
[153,14,1008,1792]
[9,14,15400]
[33,14,1022,0]
[9,0,15414]
[35,0,1022,14]
[153,14,1022,1806]
[9,14,15540]
[33,14,1036,0]
[9,0,15554]
[35,0,1036,14]
[153,14,1036,1820]
[9,14,15680]
[33,14,1050,0]
[9,0,15694]
[35,0,1050,14]
[153,14,1050,1834]
[9,14,15820]
[33,14,1064,0]
[9,0,15834]
[35,0,1064,14]
[153,14,1064,1848]
[9,14,15960]
[33,14,1078,0]
[9,0,15974]
[35,0,1078,14]
[153,14,1078,1862]
[9,14,16100]
[33,14,1092,0]
[9,0,16114]
[35,0,1092,14]
[153,14,1092,1876]
[9,14,16240]
[33,14,1106,0]
[9,0,16254]
[35,0,1106,14]
[153,14,1106,1890]
[9,14,16380]
[33,14,1120,0]
[9,0,16394]
[35,0,1120,14]
[153,14,1120,1904]
[9,14,16520]
[33,14,1134,0]
[9,126,16534]
[35,126,1134,14]
[153,14,1134,1918]
[9,14,16660]
[33,14,1148,0]
[9,126,16674]
[35,126,1148,14]
[153,14,1148,1932]
[9,14,16800]
[33,14,1162,0]
[9,126,16814]
[35,126,1162,14]
[153,14,1162,1946]
[9,14,16940]
[33,14,1176,0]
[9,126,16954]
[35,126,1176,14]
[153,14,1176,1960]
[9,14,17080]
[33,14,1190,0]
[9,126,17094]
[35,126,1190,14]
[153,14,1190,1974]
[9,14,17220]
[33,14,1204,0]
[9,126,17234]
[35,126,1204,14]
[153,14,1204,1988]
[9,14,17360]
[33,14,1218,0]
[9,126,17374]
[35,126,1218,14]
[153,14,1218,2002]
[9,14,17500]
[33,14,1232,0]
[9,126,17514]
[35,126,1232,14]
[153,14,1232,2016]
[9,14,17640]
[33,14,1246,0]
[9,126,17654]
[35,126,1246,14]
[153,14,1246,2030]
[9,14,17780]
[33,14,1260,0]
[9,126,17794]
[35,126,1260,14]
[153,14,1260,2044]
[9,14,17920]
[33,14,1274,0]
[9,126,17934]
[35,126,1274,14]
[153,14,1274,2058]
[9,14,18060]
[33,14,1288,0]
[9,126,18074]
[35,126,1288,14]
[153,14,1288,2072]
[9,14,18200]
[33,14,1302,0]
[9,126,18214]
[35,126,1302,14]
[153,14,1302,2086]
[9,14,18340]
[33,14,1316,0]
[9,126,18354]
[35,126,1316,14]
[153,14,1316,2100]
[9,14,18480]
[33,14,1330,0]
[9,126,18494]
[35,126,1330,14]
[153,14,1330,2114]
[9,14,18620]
[33,14,1344,0]
[9,126,18634]
[35,126,1344,14]
[153,14,1344,2128]
[9,14,18760]
[33,14,1358,0]
[9,126,18774]
[35,126,1358,14]
[153,14,1358,2142]
[9,14,18900]
[33,14,1372,0]
[9,126,18914]
[35,126,1372,14]
[153,14,1372,2156]
[9,14,19040]
[33,14,1386,0]
[9,126,19054]
[35,126,1386,14]
[153,14,1386,2170]
[9,14,19180]
[33,14,1400,0]
[9,126,19194]
[35,126,1400,14]
[153,14,1400,2184]
[9,14,19320]
[33,14,1414,0]
[9,126,19334]
[35,126,1414,14]
[153,14,1414,2198]
[9,14,19460]
[33,14,1428,0]
[9,126,19474]
[35,126,1428,14]
[153,14,1428,2212]
[9,14,19600]
[33,14,1442,0]
[9,126,19614]
[35,126,1442,14]
[153,14,1442,2226]
[9,14,19740]
[33,14,1456,0]
[9,126,19754]
[35,126,1456,14]
[153,14,1456,2240]
[9,14,19880]
[33,14,1470,0]
[9,126,19894]
[35,126,1470,14]
[153,14,1470,2254]
[9,14,20020]
[33,14,1484,0]
[9,126,20034]
[35,126,1484,14]
[153,14,1484,2268]
[9,14,20160]
[33,14,1498,0]
[9,126,20174]
[35,126,1498,14]
[153,14,1498,2282]
[9,14,20300]
[33,14,1512,0]
[9,126,20314]
[35,126,1512,14]
[153,14,1512,2296]
[9,14,20440]
[33,14,1526,0]
[9,126,20454]
[35,126,1526,14]
[153,14,1526,2310]
[9,14,20580]
[33,14,1540,0]
[9,126,20594]
[35,126,1540,14]
[153,14,1540,2324]
[9,14,20720]
[33,14,1554,0]
[9,126,20734]
[35,126,1554,14]
[153,14,1554,2338]
[9,14,20860]
[33,14,1568,0]
[9,126,20874]
[35,126,1568,14]
[153,14,1568,2352]
[9,14,21000]
[33,14,1582,0]
[9,126,21014]
[35,126,1582,14]
[153,14,1582,2366]
[9,14,21140]
[33,14,1596,0]
[9,126,21154]
[35,126,1596,14]
[153,14,1596,2380]
[9,14,21280]
[33,14,1610,0]
[9,126,21294]
[35,126,1610,14]
[153,14,1610,2394]
[9,14,21420]
[33,14,1624,0]
[9,126,21434]
[35,126,1624,14]
[153,14,1624,2408]
[9,14,21560]
[33,14,1638,0]
[9,126,21574]
[35,126,1638,14]
[153,14,1638,2422]
[9,14,21700]
[33,14,1652,0]
[9,126,21714]
[35,126,1652,14]
[153,14,1652,2436]
[9,14,21840]
[33,14,1666,0]
[9,126,21854]
[35,126,1666,14]
[153,14,1666,2450]
[9,14,21980]
[33,14,1680,0]
[9,126,21994]
[35,126,1680,14]
[153,14,1680,2464]
[9,14,22120]
[33,14,1694,0]
[9,126,22134]
[35,126,1694,14]
[153,14,1694,2478]
[9,14,22260]
[33,14,1708,0]
[9,126,22274]
[35,126,1708,14]
[153,14,1708,2492]
[9,14,22400]
[33,14,1722,0]
[9,126,22414]
[35,126,1722,14]
[153,14,1722,2506]
[9,14,22540]
[33,14,1736,0]
[9,126,22554]
[35,126,1736,14]
[153,14,1736,2520]
[9,14,22680]
[33,14,1750,0]
[9,126,22694]
[35,126,1750,14]
[153,14,1750,2534]
[9,14,22820]
[33,14,1764,0]
[9,126,22834]
[35,126,1764,14]
[153,14,1764,2548]
]
