instructions:[
[9,14,0]
[33,14,0,0]
[9,770,14]
[35,770,0,14]
[153,14,0,784]
[9,14,784]
[33,14,14,0]
[9,770,798]
[35,770,14,14]
[153,14,14,798]
[9,14,1568]
[33,14,28,0]
[9,770,1582]
[35,770,28,14]
[153,14,28,812]
[9,14,2352]
[33,14,42,0]
[9,770,2366]
[35,770,42,14]
[153,14,42,826]
[9,14,3136]
[33,14,56,0]
[9,770,3150]
[35,770,56,14]
[153,14,56,840]
[9,14,3920]
[33,14,70,0]
[9,770,3934]
[35,770,70,14]
[153,14,70,854]
[9,14,4704]
[33,14,84,0]
[9,770,4718]
[35,770,84,14]
[153,14,84,868]
[9,14,5488]
[33,14,98,0]
[9,770,5502]
[35,770,98,14]
[153,14,98,882]
[9,14,6272]
[33,14,112,0]
[9,770,6286]
[35,770,112,14]
[153,14,112,896]
[9,14,7056]
[33,14,126,0]
[9,770,7070]
[35,770,126,14]
[153,14,126,910]
[9,14,7840]
[33,14,140,0]
[9,770,7854]
[35,770,140,14]
[153,14,140,924]
[9,14,8624]
[33,14,154,0]
[9,770,8638]
[35,770,154,14]
[153,14,154,938]
[9,14,9408]
[33,14,168,0]
[9,770,9422]
[35,770,168,14]
[153,14,168,952]
[9,14,10192]
[33,14,182,0]
[9,770,10206]
[35,770,182,14]
[153,14,182,966]
[9,14,10976]
[33,14,196,0]
[9,770,10990]
[35,770,196,14]
[153,14,196,980]
[9,14,11760]
[33,14,210,0]
[9,770,11774]
[35,770,210,14]
[153,14,210,994]
[9,14,12544]
[33,14,224,0]
[9,770,12558]
[35,770,224,14]
[153,14,224,1008]
[9,14,13328]
[33,14,238,0]
[9,770,13342]
[35,770,238,14]
[153,14,238,1022]
[9,14,14112]
[33,14,252,0]
[9,770,14126]
[35,770,252,14]
[153,14,252,1036]
[9,14,14896]
[33,14,266,0]
[9,770,14910]
[35,770,266,14]
[153,14,266,1050]
[9,14,15680]
[33,14,280,0]
[9,770,15694]
[35,770,280,14]
[153,14,280,1064]
[9,14,16464]
[33,14,294,0]
[9,770,16478]
[35,770,294,14]
[153,14,294,1078]
[9,14,17248]
[33,14,308,0]
[9,770,17262]
[35,770,308,14]
[153,14,308,1092]
[9,14,18032]
[33,14,322,0]
[9,770,18046]
[35,770,322,14]
[153,14,322,1106]
[9,14,18816]
[33,14,336,0]
[9,770,18830]
[35,770,336,14]
[153,14,336,1120]
[9,14,19600]
[33,14,350,0]
[9,770,19614]
[35,770,350,14]
[153,14,350,1134]
[9,14,20384]
[33,14,364,0]
[9,770,20398]
[35,770,364,14]
[153,14,364,1148]
[9,14,21168]
[33,14,378,0]
[9,770,21182]
[35,770,378,14]
[153,14,378,1162]
[9,14,21952]
[33,14,392,0]
[9,770,21966]
[35,770,392,14]
[153,14,392,1176]
[9,14,22736]
[33,14,406,0]
[9,770,22750]
[35,770,406,14]
[153,14,406,1190]
[9,14,23520]
[33,14,420,0]
[9,770,23534]
[35,770,420,14]
[153,14,420,1204]
[9,14,24304]
[33,14,434,0]
[9,770,24318]
[35,770,434,14]
[153,14,434,1218]
[9,14,25088]
[33,14,448,0]
[9,770,25102]
[35,770,448,14]
[153,14,448,1232]
[9,14,25872]
[33,14,462,0]
[9,770,25886]
[35,770,462,14]
[153,14,462,1246]
[9,14,26656]
[33,14,476,0]
[9,770,26670]
[35,770,476,14]
[153,14,476,1260]
[9,14,27440]
[33,14,490,0]
[9,770,27454]
[35,770,490,14]
[153,14,490,1274]
[9,14,28224]
[33,14,0,784]
[9,490,28238]
[35,490,0,798]
[153,14,0,1288]
[9,14,28728]
[33,14,0,1288]
[9,770,28742]
[35,770,0,1302]
[153,14,0,2072]
[9,14,29512]
[33,14,14,1288]
[9,770,29526]
[35,770,14,1302]
[153,14,14,2086]
[9,14,30296]
[33,14,28,1288]
[9,770,30310]
[35,770,28,1302]
[153,14,28,2100]
[9,14,31080]
[33,14,42,1288]
[9,770,31094]
[35,770,42,1302]
[153,14,42,2114]
[9,14,31864]
[33,14,56,1288]
[9,770,31878]
[35,770,56,1302]
[153,14,56,2128]
[9,14,32648]
[33,14,70,1288]
[9,770,32662]
[35,770,70,1302]
[153,14,70,2142]
[9,14,33432]
[33,14,84,1288]
[9,770,33446]
[35,770,84,1302]
[153,14,84,2156]
[9,14,34216]
[33,14,98,1288]
[9,770,34230]
[35,770,98,1302]
[153,14,98,2170]
[9,14,35000]
[33,14,112,1288]
[9,770,35014]
[35,770,112,1302]
[153,14,112,2184]
[9,14,35784]
[33,14,126,1288]
[9,770,35798]
[35,770,126,1302]
[153,14,126,2198]
[9,14,36568]
[33,14,140,1288]
[9,770,36582]
[35,770,140,1302]
[153,14,140,2212]
[9,14,37352]
[33,14,154,1288]
[9,770,37366]
[35,770,154,1302]
[153,14,154,2226]
[9,14,38136]
[33,14,168,1288]
[9,770,38150]
[35,770,168,1302]
[153,14,168,2240]
[9,14,38920]
[33,14,182,1288]
[9,770,38934]
[35,770,182,1302]
[153,14,182,2254]
[9,14,39704]
[33,14,196,1288]
[9,770,39718]
[35,770,196,1302]
[153,14,196,2268]
[9,14,40488]
[33,14,210,1288]
[9,770,40502]
[35,770,210,1302]
[153,14,210,2282]
[9,14,41272]
[33,14,224,1288]
[9,770,41286]
[35,770,224,1302]
[153,14,224,2296]
[9,14,42056]
[33,14,238,1288]
[9,770,42070]
[35,770,238,1302]
[153,14,238,2310]
[9,14,42840]
[33,14,252,1288]
[9,770,42854]
[35,770,252,1302]
[153,14,252,2324]
[9,14,43624]
[33,14,266,1288]
[9,770,43638]
[35,770,266,1302]
[153,14,266,2338]
[9,14,44408]
[33,14,280,1288]
[9,770,44422]
[35,770,280,1302]
[153,14,280,2352]
[9,14,45192]
[33,14,294,1288]
[9,770,45206]
[35,770,294,1302]
[153,14,294,2366]
[9,14,45976]
[33,14,308,1288]
[9,770,45990]
[35,770,308,1302]
[153,14,308,2380]
[9,14,46760]
[33,14,322,1288]
[9,770,46774]
[35,770,322,1302]
[153,14,322,2394]
[9,14,47544]
[33,14,336,1288]
[9,770,47558]
[35,770,336,1302]
[153,14,336,2408]
[9,14,48328]
[33,14,350,1288]
[9,770,48342]
[35,770,350,1302]
[153,14,350,2422]
[9,14,49112]
[33,14,364,1288]
[9,770,49126]
[35,770,364,1302]
[153,14,364,2436]
[9,14,49896]
[33,14,378,1288]
[9,770,49910]
[35,770,378,1302]
[153,14,378,2450]
[9,14,50680]
[33,14,392,1288]
[9,770,50694]
[35,770,392,1302]
[153,14,392,2464]
[9,14,51464]
[33,14,406,1288]
[9,770,51478]
[35,770,406,1302]
[153,14,406,2478]
[9,14,52248]
[33,14,420,1288]
[9,770,52262]
[35,770,420,1302]
[153,14,420,2492]
[9,14,53032]
[33,14,434,1288]
[9,770,53046]
[35,770,434,1302]
[153,14,434,2506]
[9,14,53816]
[33,14,448,1288]
[9,770,53830]
[35,770,448,1302]
[153,14,448,2520]
[9,14,54600]
[33,14,462,1288]
[9,770,54614]
[35,770,462,1302]
[153,14,462,2534]
[9,14,55384]
[33,14,476,1288]
[9,770,55398]
[35,770,476,1302]
[153,14,476,2548]
[9,14,56168]
[33,14,490,1288]
[9,770,56182]
[35,770,490,1302]
[153,14,490,2562]
[9,14,56952]
[33,14,0,2072]
[9,490,56966]
[35,490,0,2086]
[153,14,0,2576]
[9,14,57456]
[33,14,0,2576]
[9,770,57470]
[35,770,0,2590]
[153,14,0,3360]
[9,14,58240]
[33,14,14,2576]
[9,770,58254]
[35,770,14,2590]
[153,14,14,3374]
[9,14,59024]
[33,14,28,2576]
[9,770,59038]
[35,770,28,2590]
[153,14,28,3388]
[9,14,59808]
[33,14,42,2576]
[9,770,59822]
[35,770,42,2590]
[153,14,42,3402]
[9,14,60592]
[33,14,56,2576]
[9,770,60606]
[35,770,56,2590]
[153,14,56,3416]
[9,14,61376]
[33,14,70,2576]
[9,770,61390]
[35,770,70,2590]
[153,14,70,3430]
[9,14,62160]
[33,14,84,2576]
[9,770,62174]
[35,770,84,2590]
[153,14,84,3444]
[9,14,62944]
[33,14,98,2576]
[9,770,62958]
[35,770,98,2590]
[153,14,98,3458]
[9,14,63728]
[33,14,112,2576]
[9,770,63742]
[35,770,112,2590]
[153,14,112,3472]
[9,14,64512]
[33,14,126,2576]
[9,770,64526]
[35,770,126,2590]
[153,14,126,3486]
[9,14,65296]
[33,14,140,2576]
[9,770,65310]
[35,770,140,2590]
[153,14,140,3500]
[9,14,66080]
[33,14,154,2576]
[9,770,66094]
[35,770,154,2590]
[153,14,154,3514]
[9,14,66864]
[33,14,168,2576]
[9,770,66878]
[35,770,168,2590]
[153,14,168,3528]
[9,14,67648]
[33,14,182,2576]
[9,770,67662]
[35,770,182,2590]
[153,14,182,3542]
[9,14,68432]
[33,14,196,2576]
[9,770,68446]
[35,770,196,2590]
[153,14,196,3556]
[9,14,69216]
[33,14,210,2576]
[9,770,69230]
[35,770,210,2590]
[153,14,210,3570]
[9,14,70000]
[33,14,224,2576]
[9,770,70014]
[35,770,224,2590]
[153,14,224,3584]
[9,14,70784]
[33,14,238,2576]
[9,770,70798]
[35,770,238,2590]
[153,14,238,3598]
[9,14,71568]
[33,14,252,2576]
[9,770,71582]
[35,770,252,2590]
[153,14,252,3612]
[9,14,72352]
[33,14,266,2576]
[9,770,72366]
[35,770,266,2590]
[153,14,266,3626]
[9,14,73136]
[33,14,280,2576]
[9,770,73150]
[35,770,280,2590]
[153,14,280,3640]
[9,14,73920]
[33,14,294,2576]
[9,770,73934]
[35,770,294,2590]
[153,14,294,3654]
[9,14,74704]
[33,14,308,2576]
[9,770,74718]
[35,770,308,2590]
[153,14,308,3668]
[9,14,75488]
[33,14,322,2576]
[9,770,75502]
[35,770,322,2590]
[153,14,322,3682]
[9,14,76272]
[33,14,336,2576]
[9,770,76286]
[35,770,336,2590]
[153,14,336,3696]
[9,14,77056]
[33,14,350,2576]
[9,770,77070]
[35,770,350,2590]
[153,14,350,3710]
[9,14,77840]
[33,14,364,2576]
[9,770,77854]
[35,770,364,2590]
[153,14,364,3724]
[9,14,78624]
[33,14,378,2576]
[9,770,78638]
[35,770,378,2590]
[153,14,378,3738]
[9,14,79408]
[33,14,392,2576]
[9,770,79422]
[35,770,392,2590]
[153,14,392,3752]
[9,14,80192]
[33,14,406,2576]
[9,770,80206]
[35,770,406,2590]
[153,14,406,3766]
[9,14,80976]
[33,14,420,2576]
[9,770,80990]
[35,770,420,2590]
[153,14,420,3780]
[9,14,81760]
[33,14,434,2576]
[9,770,81774]
[35,770,434,2590]
[153,14,434,3794]
[9,14,82544]
[33,14,448,2576]
[9,770,82558]
[35,770,448,2590]
[153,14,448,3808]
[9,14,83328]
[33,14,462,2576]
[9,770,83342]
[35,770,462,2590]
[153,14,462,3822]
[9,14,84112]
[33,14,476,2576]
[9,770,84126]
[35,770,476,2590]
[153,14,476,3836]
[9,14,84896]
[33,14,490,2576]
[9,770,84910]
[35,770,490,2590]
[153,14,490,3850]
[9,14,85680]
[33,14,0,3360]
[9,490,85694]
[35,490,0,3374]
[153,14,0,3864]
[255,0,0]
]
